13 0.7560096153846154 0.2860576923076923 0.040865384615384616 0.14903846153846154
13 0.4495192307692308 0.671875 0.0733173076923077 0.16706730769230768
13 0.6947115384615384 0.9122596153846154 0.038461538461538464 0.08413461538461539
13 0.8798076923076923 0.4675480769230769 0.056490384615384616 0.17307692307692307
13 0.8245192307692307 0.48197115384615385 0.057692307692307696 0.15144230769230768
13 0.7536057692307693 0.9050480769230769 0.014423076923076924 0.042067307692307696
13 0.53125 0.11057692307692307 0.06009615384615385 0.09375
13 0.2848557692307692 0.26322115384615385 0.03245192307692308 0.109375
13 0.42427884615384615 0.2692307692307692 0.042067307692307696 0.17307692307692307
13 0.5372596153846154 0.27403846153846156 0.0829326923076923 0.15625
13 0.625 0.2800480769230769 0.02283653846153846 0.15264423076923078
13 0.6658653846153846 0.29927884615384615 0.021634615384615384 0.039663461538461536
13 0.7151442307692307 0.3004807692307692 0.025240384615384616 0.06850961538461539
13 0.7524038461538461 0.27283653846153844 0.03365384615384615 0.14182692307692307
13 0.8040865384615384 0.3016826923076923 0.013221153846153846 0.09014423076923077
13 0.8257211538461539 0.2980769230769231 0.019230769230769232 0.051682692307692304
13 0.9122596153846154 0.2644230769230769 0.028846153846153848 0.15985576923076922
13 0.9242788461538461 0.47716346153846156 0.038461538461538464 0.15264423076923078
13 0.8509615384615384 0.6730769230769231 0.02283653846153846 0.13341346153846154
13 0.8161057692307693 0.6802884615384616 0.036057692307692304 0.13341346153846154
13 0.8774038461538461 0.6694711538461539 0.038461538461538464 0.16706730769230768
13 0.875 0.8653846153846154 0.042067307692307696 0.09254807692307693
13 0.4014423076923077 0.8762019230769231 0.0733173076923077 0.12980769230769232
13 0.2644230769230769 0.8798076923076923 0.07692307692307693 0.12860576923076922
13 0.07692307692307693 0.9014423076923077 0.038461538461538464 0.0733173076923077
13 0.2548076923076923 0.6754807692307693 0.08413461538461539 0.18629807692307693
13 0.32572115384615385 0.6862980769230769 0.03245192307692308 0.12980769230769232